81377
288922
34785
1496225
237307
1497519
225286
5476737
304926
1017803
1315873
98422
95944
95085
91776
77630
378750
151709
175852
5149
1905487
9632678
476389
762616
691229
6412
79306
812007
55398
773
581288
99619
4850
226088
651036
451356
46571
28539
30021
471266
1073134
18573
250193
1827
2457408
51143
27010
122669
358597
56012
6148
1390440
244532
359120
33768
38068
1277364
1498866
280065
470191
16305
169511
160477
704363
130778
560569
2765121
2671756
137749
137860
635985
63780
286577
1015189
1155622
2844271
99019
147193
269509
3741812
1185773
178313
2185367
366814
797436
1646057
271685
3505996
194946
392482
1882868
226317
232083
144694
908489
180606
308352
193832
41251
524911
467804
77302
304700
1440724
878560
155533
161231
379918
90454
157037
895507
134372
55901
207678
3621389
533940
1559003
760341
2223948
5531707
1825705
845763
177648
281868
196434
17129
90641
12494
30341
157522
1037561
212992
209442
99999
20529
237111
100120
2083918
92327
300601
3031863
1167646
849499
58135
43449654
525210
390261
122772
46260
243412
465893
59168
82713
1233722
71089
127404
339256
226659
241314
1354030
45236
172587
2122489
2291077
935744
1262652
49915
505794
3680540
505886
406769
340348
1035804
769769
325333
82048
23429
69199
6582
22383
141308
43426
900779
6993
1431
7095077
122634
256760
8993
6801
1204
227162
1856410
704
393265
352770
3914
9747
10541
17679753
2374251
5159763
194930
5318
218186
1267977
629166
8041928
3913682
11156
312769
2954882
2720774
403887
277614
6247
366048
178325
33260
1666003
21007
379172
261429
13676
1042282
265799
136837
2688797
52416
72940
434036
301738
112077
195143
789594
472936
47760
371683
188957
22302
49451
292891
324024
147851
343273
48130
26448434
73984
67471
35125
21046
99495
343860
1524361
800306
2259888
52886
127525
34293
484287
380111
27997
124948
44856
260902
107919
39720
207465
225280
3491
2819118
1251577
37376
33761
429830
784937
230403
87403
338085
69170
112866
3987
11156
111077
1675419
226800
214150
703631
325569
44805
50934
199206
720203
169977
485303
110590
302837
42451
55910
5839
370461
39799
15476
2087
1533488
166097
29723
27408
90268
77763
1014163
6109402
42658
451675
874883
1038365
877102
179948
122054
2564903
215541
5468928
48037
141492
152001
2358
547362
71707
5315471
441712
1694708
11887
46025
459969
538546
913268
123251
128287
16456
1927025
111349
9454
2810983
180713
1675392
391853
11217517
1043202
6197393
219662
65758
146752
1088828
665452
71610
3798127
2098612
438025
278899
105270
83038
2408682
141741
1032
371401
95520
7840
38775
3896
1531538
66021
792184
6553
1508950
14657
114923
643737
36414
5963
680569
1002131
734594
1819783
522265
210815
54392
84428
183369
7576
114518
3892
108845
91100
576496
2016029
15104666
2275359
176140
1046154
7475081
67078
69795
514888
451381
913756
68625
22607
128002
681439
1024814
156243
1417912
360539
612279
373105
702208
795683
909177
443412
1249486
5464
56969
3821846
129071
76536
474858
23987
29188
2433987
35511
930403
14265
828587
968868
676692
2227708
539987
1365087
736276
2885
3794124
1607810
852543
3083469
589827
1134859
707164
82123
2367
239773
836305
97795
1360509
5584
12382809
617406
700476
4600718
133758
184579
1558898
1484851
461918
146487
56071
15787
3930664
10775416
2175978
1202878
149005
12969561
1145464
145442
474712
183509
93494
715011
540553
2032821
116657
1057014
268148
560687
2899302
597308
2533102
5160
298927
51186
58619
1888088
527531
355131
122974
4499836
372823
377704
159532
2366705
832700
639982
976530
651781
43651
24715
166906
178433
799870
14175
8076063
3460380
102012605
41824
25203
2316153
818533
3643
357054
1225591
816073
90923
5169
1776191
831957
219585
52109
554250
1420335
3203154
22786
1112006
1462885
22974
632018
170075
726679
2382878
195525
2143706
30156
6988208
37346
4386
437509
6183
2788162
1456636
27571
382766
20752341
327739
9078
140887
13016
88952
34059
270360
1689
139186
247842
4524
6122
1080069
5696
1172709
644576
1548962
116336
27779
784451
1113089
2263186
769805
13025011
286704
557538
2819213
2303131
1152064
258814
1543548
172205
612653
221395
307975
1590640
78674
1248469
23393
93534
72728
26940
96440
2358051
2049961
1251416
90206
94892
186119
206873
410133
28607
364914
154224
806660
639536
2805
86897
447310
36152111
29725
45774
2232
88667
87215
502040
62644
40840
210065
3383838
270597
26830
139393
17716
28091
2623238
159384
774304
35467
151767
204915
695072
486240
24907
415263
3202879
297279
279714
338425
15870
436638
3322855
480162
225463
651268
352742
479201
142076
1018706
540227
2152261
1112617
279046
1273655
1485868
150117
246989
125128
748102
193223
536419
284176
119519
199922
163043
453170
4050
506698
76351
592459
3411173
375897
138890
102804
1329350
32548
11042
52336
838508
41722
295048
1686243
268241
1381
631374
180711
5950405
18897
245735
5557499
6890
28434
975232
553734
333626
500154
1047573
1289314
2319083
10525
47178
334148
3797
930513
1998883
349102
25839
729500
21545253
552694
3873702
1499698
224381
285437
1717225
3074263
372262
842514
1183611
1371506
264975
391639
307934
620204
169022
182650
819692
701874
872663
1281002
402509
3597
294007
41944
1244459
1058992
189308
797363
5827999
633103
169915
36857298
148590
2127874
41869
714359
123804
79154
4040
7967275
127640
145560
177098
8924
22695
1547962
1728219
86721
746691
856874
709836
225107
76802
6084
162834
231341
22302
65990
61931
520636
21416
349743
49313
980944
145213
1952
53812
2952730
464544
3558563
933117
737415
1339398
36110
176838
6320
1361969
768647
264632
413615
3027415
434727
3411
657286
502681
249973
45561
302703
39210
54208
71849
1316758
168118
23082
122477
4046720
759274
58301
5068126
186722
24491
7746
50593
16361
7952
4010
2093
965328
311117
2798497
691515
430232
554069
1388010
30469
1240044
85372
132872
256786
4623012
1790918
700096
27945
406960
114696
4767
11661
344534
1161776
49017
110360
955104
76956
1457307
19976
478259
556475
239592
1970963
1752883
96082
54141
1270477
433758
239226
174569
47614
1127924
153186
232142
1778470
3747210
868868
838549
2089947
1008131
2109158
657337
1789817
243470
333820
758192
1108618
20545
70177
93451
322376
647516
605918
2082
652798
52164
1375
640849
423039
1429023
607415
113748
380031
64214
3513086
6877412
1218771
159322
1275330
3912
990016
239087
1365999
110339
28378
128551
443202
2940750
185947
271180
1104595
122462
41025
938879
778338
35235
43012
1300011
95486
373594
37022
711576
128997
131240
931841
275230
736520
57465
5019
135565
329129
150229
1584020
399330
2304379
83301
2626520
1698230
99577
187987
295841
30739
666861
4440269
99432
66876
73344
194294
1059355
849814
71715
296476
41714
4110136
77518
3511909
95044
149801
322802
1316254
1375345
1257362
697581
3237
623149
1381758
25145
5966226
271277
104480
1389924
21513
1960238
154250
4605055
10505035
277330
1780726
1705668
103478
32307
7753
321277
559294
462063
132580
633524
487593
53415
395473
14276
899565
136109
5545698
619936
106731
100235
374012
3064780
317281
958901
89311
595820
437979
342865
106333
83530
89627
344358
779056
105911
7080039
16080
6172
14370
14860998
4232
159575
79736
631310
3336924
4355869
1233
1666296
82160
51141
22186
895352
568142
1904633
331575
3842533
1122148
1023627
5682
36101955
6262956
1516682
4423680
105681
6041315
3337072
75279
4842
2213820
1152361
271722
91933007
229871
251338
240430
115949
368166
640779
847817
16445
86049
58764
41159
64866
4184160
67802
1027805
10511
2392206
346931
62415
218006
30075
591389
685944
28860037
583281
88857
3114
257584
9423
344792
1199560
1240566
42101
1366939
489051
72200
11339
149879
37891
2492
251174
2503011
5275288
173696
1247065
1370
36929
901908
15693
75312
3286
197963
2787618
1774
283313
159248
678272
40499
563127
59070
518107
115629
37185
37199
92538
162868
12468
88560
221932
24397
2046312
24660
97726
277184
2027943
1352763
52395
456543
240093
6217292
50155
607528
2302545
198195
16590
149873
54155921
29860
758052
213618
5220
4029821
65197
16210
303174
834586
1332449
356481
98413
127940
51816
62735
315694
2286134
11744
22942
366408
104674
48033
38169
1367551
425866
84968
110750
19859
1444978
591773
833977
289522
216921
3645622
1002263
2570365
462066
2700
1013084
412812
4609321
1087385
14107720
33459
553866
10403477
734851
345869
1225593
3479
327211
740043
556347
1188002
31015
305141
5952094
363681
100757
36113
52534
53130
215732
73083
345180
410282
52964
36535
190199
320858
6483
278795
207902
224031
718220
78322
40993
1376133
2578951
719962
575274
831710
690533
9523267
220120
237766
103742
10325
57770
1382900
86011
1328518
1119418
508137
100786
5319685
1882458
26898
325386
1833398
9239
3112225
2277409
37170
216743
49455
45934
2426345
267761
810921
3508169
811577
507524
326955
50979
1097258
1638
430463
75363
73213
66117
123174
543491
22695
65211
28179
1529545
210808
1050880
380586
37098
46706
2339940
13832
139989
890881
93254
318840
1341344
97367
243102
3195
31990
764775
450201
580342
827474
1020652
146812
895766
23798
81932
283885
1462747
98042
493348
83487
247114
131860
171554
760870
538180
277389
22690
92533
10107
985425
3765264
1500852
100896
1120115
56717
531393
168910
149376127
946378
1838042
256018
31928
518359
315505
120078
1882972
127055
458354
534677
126634
6810173
577212
347988
24577
1881309
722812
540998
125227
106288
2464874
450865
75685
172224
1092539
3313280
431944
9625
444366
206199
10818
47936
33317
42034
452749
645532
5722
330162
103901
61977
51610
85251
23575103
61315
267142
1896
2925095
106324
3016262
6185841
38070298
26673
2618541
115838
163781
17315
506152
398429
986554
8617757
209868
75756
599176
104200
678631
2699114
2721342
355917
279522
82972
211419
47236
1976572
85383
28804
1402
5102153
58932
6450
33067
66190
8790
108463
8977497
152916
45096
298421
2828138
625807
2357705
1088527
42046
389963
50266
100613
101289
30361
41254
23727
7757967
315116
58643
28308
169750
97024
1106
26710
5969
4371
13164
515555
93102
318181
1223851
16990
41265
437549
130998
60911
45684
267038
25213
5349
48735
1549191
216939
25386
283505
200958
84450
316907
2935898
402081
235293
448835
384829
33929
1263104
373253
12039
967640
57738
485433
150880
38447
96485
1310346
1039254
406438
1845803
12591
792814
442698
169934
72365
20636
1364148
18938867
411284
607251
20618
43221
11439
35247
41088994
747672
114266
99681
319546
23910
26129
351539
285672
205870
71452
11503
56894
1618811
36476
473026
101636
632993
3817594
1629871
165337
14967
438167
1222270
56002
3129042
1586396
1627758
2984785
869519
253874
331638
637045
248200
73525
3096627
201025
65874
1363711
1820569
159145
58278
220398
249897
15066
1893
31319
592859
61584
2019235
55318
817094
1535652
104773
1017290
13135
3180207
5875258
506547
530143
502917
1026275
238661
65631
11995
78662
1141627
498117
306095
141000
2336544
92355
62264
343524
412649
2654222
299632
296207
23222
983147
287677
5376583
152598
515428
160892
36064
3257990
1324411
271779
1879
212075
621513
464076
890843
35038
16948
1648675
915783
280506
65277
2563098
960177
971657
26800
279571
514711
12461
1974031
89923
142548
224115
2042378
461540
512885
230733
57516
291653
1354133
2186681
377906
199604
185891
41523
190140
11730
282950
45548
1321434
165560
8697
161060
72739
255517
2028315
1695280
8795
7260
17758014
72522
539715
296518
2210090
2303558
210114
44879
650940
432285
937914
3256799
182113
385997
542957
148686
708572
94032
177892
1639042
2181296
1205682
789818
31612
241991
277921
1903783
488888
71425
135158
15400
129538
196285
197888
123990
1595752
220548
887451
533775
37102
27350528
1791867
2846563
88143
309271
3305225
41183
71276
204311
286299
431253
508710
3290
309319
26214
572627
1121109
295991
401625
1031489
3810354
144225
912295
636653
47717
167733
28894
393488
59365
299105
3601697
2664218
814603
5356548
540919
11917
402259
1747480
73611
593557
72248
26379
1018308
331126
114865
57650
287733
130481
2717
5443
212416
4631209
281927
113169
5712641
979466
131431
57192
32825
1019136
3044139
85183
1085036
2723989
180919
21650
3309
4862
3561593
1593
231108
1134166
566067
12018779
110985
251710
3483
230002
10655
35233
9039407
21701
119784
307494
3085
184982
47752
25130
246835
194288
144773
261810
12730630
313646
47433
802455
32275
364741
427263
788372
362345
105973
416921
1727840
125045
284673
191344
54811
118291
8154
268077
4923
357439
245217
90870
90168
419538
59549
344584
45899
524384
582785
554706
1446140
482225
6187457
185620
1130995
284888
3598
1069986
43597
71241
10070
451309
274794
6647081
4829710
724152
477269
274761
1339943
18001
1769751
10194
45851
5739252
587204
586875
83121
3337851
3311
10661
533608
26033
7987051
298314
1430545
36515
143706
492089
249314
426790
1966994
2883649
147586
1836620
324996
328740
48112
1262601
1949
107735
34032
3065887
108591
157137
109733
2012372
1140097
1823566
2160639
121344
2776665
2309633
458830
812300
910966
1044836
733180
290706
4318
617606
72022
641055
1536968
285483
2910609
1687351
756379
3266179
398127
100264
1063356
1709373
725421
1145202
12544
466388
75273
1015745
474698
1509716
1294681
1984239
33420138
133049
2910915
4376750
519197
262018
448413
45938392
624894
521883
470348
207749
16425
68886
24371
3170
130546
4795193
81011
241678
1370158
179723
241476
31228
1292782
1782889
3095325
24296
476030
129318
2824423
276170
161543
35862
2398601
220181
1025006
144967
376858
876890
687873
22795
386697
55615
1074082
83499
4416751
3953945
324324
188322
306922
134436
520319
109525
75433
223245
106781
189594
2206241
2058270
241661
6225124
1546967
4513621
481100
99837
25393
351519
1652914
1093889
99066
7721222
327786
4149544
717861
783794
1402868
186023
3322130
173210
146536
319303
42607
278510
29202
92983
1983087
1369181
120441
855708
54529
461945
13701
14459
58556
10698770
47701
1461207
2522343
747391
1547151
179345
46054
481918
776332
18015
41799
17629966
204083
856802
163440
28484
1535269
2403767
20960
45777
234260
2251104
4147252
1694330
667346
168863
26735
1106875
1587062
2214150
129207
148054
5569216
243623
17540613
82052
300313
29769
93217
11133
8486
1247284
2997335
802092
1402875
975327
1048474
3951217
258521
5224
188210
7662
238791
1603502
10882
2163062
1593449
73861
5452904
985433
457181
1452367
8930421
502880
438129
1378937
1099860
61475
9020
1180413
1166324
108662
151563
272859
2086
2721
311438
60546
700096
120802
12507
5103093
307093
156176
214129
553818
3963050
372465
654210
1005215
355153
215603
585765
24067
2612315
662688
246944
1203464
468838
71767
1838296
302719
2525116
1397713
3999438
379449
118865
283808
48411
590444
44328
201894
87198
264912
77788
533105
73253
272576
792979
898422
436505
122059
649785
18471
2792376
2510144
8232
101082
2472
2090172
90179
294310
5179783
1411987
166418
2467424
66367
9560
1467369
535094
3635
628368
220550
809063
320792
1357584
24047
297209
185388
94683
59043
247227
93250
484353
277281
28781
226262
181739
60697
478211
65353
117072
5986604
241441
18739
89132
28630
168969
3053922
53006
834551
223475
6579609
1371599
2840
1002679
1711525
2592824
235830
268248
156669
1124072
41264
417092
26967
436472
1257354
539805
1016525
981884
673301
2985521
285897
706629
249264
382791
5263337
64261
3976296
5613554
1528291
1111674
1747746
3721
147740
243553
47402
1467543
53000
3462190
6062089
59609
375663
259371
196074
237862
34133
6263424
1286392
8004
20068
1001742
537545
1516733
67185
2084
531566
2443384
2588376
1147297
143696
70551
20107
293630
2620061
5053825
29968
163472
24311
37539570
85744
40410
1354670
107531
26243
917
129124
1823701
1065389
59596
540857
198076
107053
93865
292015
380530
3689210
1202392
74990
2629
98780
1120978
38479
1272955
690478
125684
215442
8493
1316002
595836
81165
774407
1082
5576
1924405
132029
220164
2892
149550
142825
1044905
395783
13532
40775
52124
9046
625574
163727
214676
141520
50168
1080873
8493
2384
1216
323160
378901
18875
1896045
10579
1216232
88663
236036
1277105
53833
3820
543711
900285
21175
4035
168913
104235
27095
953710
305833
235293
192909
393742
1881659
12820
1459033
23634
203229
4950
546964
36241
74210
91186
2691
14289
666191
451399
25796
298003
5509
218855
426322
32477
948294
18871288
5741781
2115715
827249
93903
83200
615349
481550
523207
7055170
529841
65371
57951412
1237339
264383
3662495
460082
1329689
560358
859682
1199750
3638866
518578
49115
3277837
224317
253075
31062
353484
252858
1032668
5760
30914
5917100
326110
436730
531907
1162281
160571
970204
937309
44216
611885
215659
380760
2045760
243232
114280
150991
8177
3940
47525
225778
7977
176914
57581
21700
592205
337580
436619
1896340
3832538
239043
452811
1429113
350069
134740
704426
95379
490636
2083564
17106
2564760
79667
1342821
219460
6570
1144298
11851
3331450
200899
80396
1198379
352641
401678
1473574
32284
266155
330191
1309430
769347
485733
920306
3046
55929
1230476
185948
447584
57309
304485
258887
8159690
155126
8300
321054
1941169
89617
59486
3108377
20019
2431398
3935638
951276
1266647
283545
117464
156114
9443
542870
416772
78783
132889
2758
140011
2522036
68719
6447
348527
700008
3319
135263
17968
73649
852035
362180
988
287615
24772
1311352
5013
1381198
2949050
2507336
142380
386090
483009
348783
245641
202523
187585
410483
2382407
713748
72294
769773
906699
406703
905126
425904
245989
366172
101525
3079
162444
211723
165494
499527
624212
1064653
1080992
146578
906304
360158
511047
9577
3224847
547145
1176559
332114
262553
3640
392045
535232
3708663
432969
13970
3456
2839406
1143211
352090
1225340
1088653
746417
764936
27898
218630
1277479
180546
138073
270838
5186780
122710
386062
1873164
54990
230165
247280
1049536
2032507
12857
17737
647369
199547
299897
295231
12847
48026
433450
3329
21776
419510
107390
2224831
496856
163780
4377973
100812
158778
419382
381361
148963
48472
318801
1063552
309109
94432
12963
107113
63323
748
4167
4089878
582548
1480442
781858
371024
1632855
533134
303274
213433
54360
213584
1604697
1082634
1667408
122396
11812
74582
510268
2305543
182783
578611
47313
6450575
218907
3742064
620118
150617
34232
115141
51981
3607347
2034980
24611
203710
6883
921689
330659
355961
176548
814925
84443
957937
425943
2502652
8335017
245625
2504920
379054
55622
828023
784803
599642
989065
29124
242642
349326
5817
20100
330958
443498
3133
56495
735708
2894540
1776291
61652
624237
430191
1292218
301706
354013
292375
2944
2696
112510
4497
1099145
91167
45141770
114105
27335197
6149
886348
1687203
1632401
1678782
185870
88425
63846
3112787
10836
4297582
648890
8715
263061
117973
92301
10083696
64584
296315
56317
119271
395883
261872
28271
3509600
328687
254424
13044
23484
1057485
685619
246393
1235860
180184
123372
15300
113213
371531
655073
46119
34600
125806
584892
112207
219805
227767
67726
18006
1173312
280619
302226
3442
92161
4442
777617
579189
5463288
78344
3525534
234583
2242992
1885785
835
13458
2085
732055
247049
252623
167556
113493
233766
588513
11685
170325
2084
759718
101737
43171
1037921
400997
22768
170637
84534
2598
191712
433420
171518
53227
881729
28638
221336
2288090
619478
1151
2427
195410
138539
156494
1931851
57143
118025
435210
413549
1171174
244014
77002
155701
175545
54703
3020358
379176
147003
140445
576861
396970
2277907
1526404
90521
277651
499979
65678
192638
419822
141287
527093
39926
973185
136788
97535
1261723
64316
295189
611625
425185
60092
1940700
271594
17732
435057
369007
26225
294003
44121
1631648
1310832
509173
1381523
102105
18096
55901
7399
1426321
615784
2568313
77452
49407
373332
527683
368276
54338
316763
377621
404058
1503192
3362369
81267
299561
3791
55419
437193
338709
917390
35573
264153
4126161
64771
75289
392117
148659
138674
622331
2321144
18280
248968
8394
207308
797798
359057
11188382
268343
9164600
343957
536288
31872
901229
1059366
141052
4594686
110338
1357946
1165315
52595
5684795
3996
52100
290344
724556
156712
10256746
2636357
3467
597049
388048
223433
3111804
300715
158541
16219716
9846
6353130
355279
1973925
5755949
17702
672513
719340
134806
2723642
4864
61309
969427
7964424
44262
195363
3362
2524775
458155
334600
291258
317963
180064
1127588
41282
5144
1190828
176461
25601
33697
36526
516574
695269
2664
20797
954743
394975
600381
3748683
2816
7965486
3922298
2203618
187425
808361
4209089
4253
930576
89640
4007147
714665
805722
1554433
9193
176993
179374
912815
78957
662158
4012204
1912665
1258994
240314
5179255
485881
425995
458494
360896
637942
36168
642382
639685
7797284
4743
5605621
339187
4233
323471
217531
139026
835472
73902
36591
1629599
335365
1270778
29305
344951
792189
462906
68965
53635
2705268
7130
473593
109740
215775
9762
3770744
691970
129466
683434
4880
1597365
154731
97710
400911
108402
2078
559
213764
992396
216179
227384
3447677
60794
47299
4744
3735
4253449
7325
498874
688577
296755
1143472
380261
402244
60857
433149
223023
250056
5870
265260
72549
242776
196755
639265
592142
2568366
390695
404417
12168
13124176
269181
1252
1996355
521943
1808
1915926
189814
244518
838711
543596
2739574
281875
127623
55599
495854
745
414562
36982
7200045
90365
682990
1030347
41096
1421293
1551300
6882
616440
707170
31505
47862
227226
857897
93591
2627504
235020
931571
1189824
226278
3068
3055492
17342
2326176
277229
2091534
71075
29090799
72607
160409
790865
290138
437271
689313
296001
1122381
97882
155006
14513
2297105
9627575
1694595
596467
1691529
591650
331981
708109
16387
4734
1319753
123828
660467
155341
10891
26668
3848009
112376
469539
161460
1791693
319017
548658
140815
864149
4188327
98683
952677
3343908
7227939
26102
208865
207272
177613
238483
507753
2368518
211469
520176
1257486
234280
3519
1612824
392119
1207578
2390395
409337
4650685
77966
85322
778903
467531
870225
149962
264158
47455
50348
361432
563746
313962
242805
172879
8493
451523
298642
13809604
322747
252729
55464
15043210
3100935
804049
2480934
2412639
45037
475702
298666
2452
294356
357299
213749
112034
263914
96625
462594
112160
6855630
618966
1430059
4005064
765391
1171252
21199
205770
568702
176006
4011561
1390497
20263
1908094
1278977
1086860
790794
196571
6687
24286474
56819
810444
139068
1083002
4541
313187
8876920
27207
1969654
4008
229332
41378
96288
902928
434156
4003530
1417253
877585
2087032
175400
176254
541149
72821
54247
91193
11300
425705
430321
9391
223959
904555
35615
85484
642523
25909
836530
24737
411705
26921
4176
3788
1542531
376194
25142629
2018667
462151
3089155
7418792
253965
398058
1713021
1301742
1757705
2734361
642935
182333
4416051
392115
149770
347611
70891
218669
5398142
49947
2606
522522
786781
2900057
490388
317779
1069966
164028
387223
128236
38307
539045
1380940
657043
2620
36007
298322
443354
39720
605172
316756
290022
176835
626833
669500
141579
8842980
123452
366652
236079
996503
2616555
572775
474318
99509
451921
94923
1642644
221773
58290
390562
13189
159168
223794
21594339
1152451
5578495
1383902
10345
827814
11509602
953306
1280410
513459
73066
412054
198245
175541
28256
894787
267685
512293
5251
976652
834208
331121
852554
2271297
403229
1824082
12027
125001
198533
142387
622235
295571
11445
86380
1127673
124893
180238
2580817
560649
128309
51961
5786038
2908064
231513
657818
669789
258506
2585
374226
26117
124022
30260
3438
699104
660630
1799618
8021
144594
1946
3240
82692
57561
113584
5454
104929
1426
76714
2084134
14972
60464
444370
121445
17594
781799
1575608
435451
1899190
58231
172027
734863
2275306
562298
320028
1794696
2178547
496633
4165797
28964
188158
79254
1843404
689209
4100981
2937449
1578774
22034
78175
5625319
32558
57462
340791
704424
486281
2497708
703909
199041
12030454
752354
19722
18241671
322998
292609
70615
26983
207079
250852
46685
1279582
295068
46966
981439
330827
3509938
12989
185604
374333
144521
296104
2710968
34953
58933
882501
2613507
292413
103161
106973
405789
1491975
44448
233064
104822
1335741
556504
1823157
392184
575537
435619
82048
173330
620968
11312
300769
398937
49638
1544312
39595
1142163
177269
204732
11154250
240187
16141230
385658
440265
575364
38316
166627
88189
400593
392655
235853
46701
336117
746745
1547238
607467
2003048
403941
866986
953936
678475
13312573
457513
1263103
548993
1287432
131055
496386
6345613
65972
466497
186452
507275
646742
30803
75770
23851
777777
1307790
1524569
1781966
393170
270177
41602
18108
361646
39310
9328292
451464
14161833
1135489
32336
2294097
3132
661984
270421
709406
70118
6595340
788112
842594
172367
2839135
617910
97879
11736
8470806
299038
372894
292715
292086
816594
137034
27178
19669098
4082949
237171
124483
3675806
2959424
302440
1193226
503840
391174
178512
114967
13127
35112
738118
118269
68699
3933195
584565
114753
2666775
1838876
141473
1071341
1426393
1695390
2302182
219471
32001
586498
362275
94640
735223
558394
213409
505444
627696
760120
27931
88808
276125
14381
23932421
240318
56370
213341
465283
1249677
15904385
80935
52637
266874
858438
467230
5069042
142590
563802
3153075
1396551
2168569
196811
791659
533815
53469
527651
3902
22893
348192
95509
736193
598483
1744302
15852974
208678
268393
240955
603379
829768
844292
11135294
494907
64167
424293
66239
1092708
472575
25373
107574
7214750
448077
291502
736748
600228
291192
193612
254142
27871
10228
186280
548352
482291
128413
96835
97217
164062
87620
736075
54813
136047
1291227
2726643
211258
59200
286574
4737883
19422
1114465
2319218
2594869
14079
56111957
1025010
18330
3272327
21113889
564897
1598439
210223
6657752
742552
68487
1446055
1089707
57035
316014
150990
1629053
307027
165175
65481
403844
60574
330553
1515901
65973
2494584
41760
1322782
55814
1285558
376291
1757685
555861
448585
512726
154432
257992
132189
60568
2017280
1600770
1438726
118930
325082
88954
492953
661818
287081
351717
233904
1036632
488560
1771153
1504263
1314784
250260
83393
76054
3749896
232339
1056406
364273
584074
1150274
221837
1233075
808445
291980
723523
202107
486826
869422
14768
186750
791774
20658640
2226074
105240
726665
182121
973396
7935379
16354826
784820
8999134
571347
208228
827093
1285332
1424952
458649
274030
345269
193794
302660
94139
1036300
470082
519214
215345
104073
1752139
718026
5579079
649180
850594
19434177
183106
1475727
301593
365455
330565
91982
1651674
601643
1169995
449565
1065716
7049534
18312570
15208321
407199
14738111
1584221
299644
245308
4719807
1071466
996065
308720
92030
205209
394153
1929441
1755038
1710398
3181164
911208
181929
262100
357946
333553
444303
149034
370450
48907
29352
15127
30719
3372271
168909
5122352
222862
626684
175566
202879
5107601
154363
16417
173997
2762839
252542
3598002
162087
4080130
60549
1666780
65707
2591777
340311
1132624
55611
8258089
922301
1273082
1392693
39181
633241
339738
37144
361852
89218
561569
142281
7999926
151626
352667
320395
49462
762583
151744
131168
2317727
1649348
173700
544511
2396459
151902
276563
726422
1794493
179803
166137
566512
632115
1520884
135325
255806
361213
254444
106337
1730361
1283991
175106
3222946
201015
526175
42239
188949
983701
390379
237310
33235
3536070
269804
1666465
59145
335613
284598
2822715
216165
357429
198051
161456
432552
116082
64262
472002
62888
199662
239107
66369
2250165
282736
32744
843024
107120
2841864
493621
1492918
159410
88560
48523
442716
537822
4024771
530299
418734
69407
1464
377833
2387617
2425578
63358
151742
469727
214028
2005054
620687
68828
2004629
27659
68885
515855
1041847
100888
100291
356113
352319
155176
368859
1841658
5389292
286804
230092
51640
165612
111619
1696551
364971
283899
195473
2559730
757991
53198
389613
272661
1114313
756023
7189
99732
139884
22871
2122601
549996
251742
35123
313927
121157
176448
1954026
343756
141366
189102
75124
65745
409118
7941440
1194979
2036792
41761
707341
165099
309971
435859
846278
3430385
2604392
2953664
3622209
32730338
215237
448169
336953
72999
565798
266142
3944791
107255
167038
460847
2480760
1146176
376264
79124
1745260
2300863
40026
58811
3691273
50066
89049
220428
370239
172551
34269048
127987
275276
667005
4266983
1581379
951271
546200
295145
467669
445119
1478788
1696151
2684509
334148
502957
25513
627933
24186
6010383
164241
2507969
150908
263464
13882785
28448
13418200
1042283
1918478
1734377
1241197
506264
668826
252785
176811
2693629
1628628
887547
1349950
6705850
84173
27710
111950
41253
2093619
1095505
90730
184390
34284
348104
1133408
331315
94234
720795
36457
97945
58519
19586636
59285
602853
55614
58234
2311760
8411
276711
1159873
107907
872261
3611833
2579421
50669
167110
318557
21005589
52513
689798
414854
181521
232904
102834
617155
1721076
335194
118151
78433
61665
313852
31831
536398
79591
1680396
285984
47147
1912972
130817
330477
455015
21107
3848607
19177871
5358351
194902
67954
96399
110072
481259
1034272
3103982
5938439
64566
1339289
1029141
64107
2723593
3845553
711676
1129249
147383
249572
162864
142653
4121390
25512
121390
3738646
1642462
3052072
175842
898717
89365
11773962
79205
50371
8659
56032
130626
514150
152796
41375
89799
23506
53399
194964
140354
20631
3680427
25961
688306
390622
376877
1072782
345372
2956442
315148
640405
24332
21180
356075
11692
139263
207648
345371
839813
847523
186912
1220106
369260
1213178
554157
26103
731180
503121
182200
10806
3042679
1542832
924479
1115398
479182
184312
7628116
140517
548892
520338
1012695
1327815
231632
285769
460673
133030
392500
493451
63208
619222
117924
64294
32462
184944
249243
258850
771612
1959703
128412
536775
1559583
1830129
1635960
155923
938538
719133
3185320
421136
299820
152933
78528
1891032
383282
575264
4270738
1168351
156242
224803
519161
1570411
2126462
451602
241387
114012
265096
18094162
1277833
156425
253615
1110127
1539089
3254707
402402
3141764
3687110
482122
156774
321076
23416810
1895941
1963752
3988000
91213
7767
84137
36346
213423
186453
1060807
139039
96756
169130
347257
254309
244593
3021666
918519
571176
583584
230966
753119
241784
1014407
5270624
1312978
813475
945446
186548
992294
91566
132724
7061203
8739175
143097
1556997
1820485
630287
4307840
1311014
351765
784713
4625928
309933
2309169
664716
1006188
327912
405781
1073831
42805
226192
378924
1181190
411736
383330
742087
1800483
72305
79262
297405
254521
104249
314140
300755
88582
2600608
2525751
9537066
1769864
194283
440684
561205
239941
1108366
63461
51588
281340
152533
836483
9220058
1805597
1836595
972714
659476
298298
1159497
220118
370481
148207
2915910
444997
635714
1217872
800472
7676863
1322797
739428
275380
469432
1867337
333366
656819
386234
398250
2101562
1483502
317658
380990
3187327
1708199
68011
27191
1069014
472551
108116
146505
299365
94403
281689
497856
181238
2167517
1676887
192417
336861
356012
350202
519220
713574
422979
639517
684438
746658
308049
2460216
4096699
19412787
384050
4344751
288553
1335774
6183923
476604
494173
372037
98031
406252
561970
42199
129312
178717
134881
152388
6438646
930151
911608
282309
1704711
261803
453506
313708
5142139
645449
1646051
607765
2066897
292030
301028
141696
2408990
3617347
918115
1089753
813414
1691844
1553598
1271958
308082
2305537
888717
576742
1606993
477956
1467165
508376
368135
451759
1277694
330955
902489
700722
491613
639104
2014354
132283
283547
771568
1129870
351991
578416
285213
369487
2982517
22546976
774012
261520
2138878
3087952
2226333
1207635
563514
531285
11161971
423976
518516
967088
4807512
1487010
764217
1062124
340750
739499
3770674
4159065
861822
1353109
443675
1585496
3148434
1587545
801597
19998243
3311448
293147
763000
850683
1669974
2020895
2128508
1084820
748313
147863
161101
1040659
437061
825458
814243
410257
2085977
7441922
629052
1995022
888329
598317
264956
890541
951655
202920
395229
774567
511315
1563582
610581
279585
410327
322244
364182
1728905
401996
6535720
2679373
396791
850092
458154
216380
522854
571803
817600
12163782
564951
281678
172301
1426823
931253
1010818
543968
1080339
6106813
643097
1045195
169684
636473
3945913
2192738
422918
3745968
153263
1154894
329150
446482
431052
2606093
493836
700692
359135
3845880
3259936
4289238
2929814
380230
7365395
477188
593679
1612248
402804
2130602
467994
1521121
4134994
387328
477272
834067
244228
294668
2082799
1895867
368852
7714606
338651
1136277
945936
6037731
2181976
354281
321580
433320
1346784
1865136
322783
770714
3383861
386159
6261069
1323176
218903
1669402
1107915
719556
3916992
514107
4414661
2288043
4321512
318399
960599
1337261
838561
1042805
302153
4029646
169610
2060702
1321814
5875671
675659
389158
285462
482005
1759167
586633
8718657
9572037
25235767
2524578
354807
318714
3266039
4216618
3962616
14211432
3281144
495194
12218726
403529
27784769
2592351
2228287
1732872
582629
581030
341643
618752
2505168
284574
3523600
228646
219948
3042366
210400
344767
3291206
850341
87264467
672329
541990
3154859
150691
507760
269305
592107
1410203
6131880
6848484
259404
912215
2239708
758927
969307
1074385
474495
2095289
230399
2204925
386991
2712798
661249
1410716
484054
1688171
432140
3514734
479587
597667
352299
3132248
1187812
13375071
1017884
6345613
6215935
71560694
2997289
1678623
865233
629179
2141439
3523564
798810
341276
498613
25757299
219523
1249005
702317
664762
323801
1033482
271281
1480903
437576
473198
155058
231946
285469
506035
913811
616816
425636
1038421
370464
4541899
185260
1317400
266389
1018634
299370
273000
157975
630945
52404970
1130020
1425308
684913
1202228
2451830
783414
2411761
538169
2184856
293591
2422767
1503335
1618812
8244106
433362
652347
538061
637400
276381
363488
526710
584861
1769200
846124
983181
1170696
371510
1215287
460046
955486
410909
1973349
822530
1088804
141586
444092
480569
1547819
4030247
327251
704492
788947
614024
3602906
3326832
2986867
349965
2234419
367974
354509
1156041
1244190
482257
316194
202550
863560
2686026
3102346
1787925
770953
12529936
2592896
6187534
424016
344518
1501322
475678
809389
1421026
1779855
514264
845894
1898228
184794
1446252
1125153
315079
248330
583346
341347
398699
178765
632821
7497772
1886667
1229307
629744
1962973
689858
1107554
368627
4403389
999933
2958978
301674
2927970
1094084
253263
1023827
1361890
665791
3633365
839932
3640120
437732
2695414
892676
3085206
1156807
799878
670565
5386126
813310
359141
3371618
1441446
395698
319297
2288833
1542228
439956
1067802
3749838
1449022
81337
735035
788136
2096929
954635
930867
1045168
3174393
402706
5224737
2676610
1005811
1150554
431137
534696
2635367
1136757
940570
793636
171899
656029
437294
1161732
10384060
1243560
241668
998311
1240723
5229704
1045731
2028512
668491
652917
391656
1329253
258110
2096196
1831572
808829
3457520
720317
2091513
580591
2435011
4440991
693408
921172
860169
680776
1184957
2186003
4787793
3695752
141917
3105328
611341
505086
480493
442726
308787
228568
1358775
1823117
3780194
837697
839162
1536897
3445502
403559
885363
514568
749223
658110
1077108
1507123
330372
639391
1399244
790583
2755456
1095765
321560
22233274
245076
268430
594486
259179
244540
1430025
871997
655002
222653
2950319
995670
649994
233867
590126
1162734
339517
260580
18310912
5913551
556976
352048
491205
2384671
820955
190451
4996413
3290220
906941
2983487
282389
1208627
1734598
8715134
566497
3010746
464699
4218040
1855559
6804554
3713832
3306586
866371
2019746
5758360
524619
1537417
13075811
2284631
1641394
3856726
141954
576001
3280332
1756608
363977
755748
4520175
483707
324964
839839
471360
2296556
566518
4544350
2290382
8025153
1633109
1058890
1271072
223020
915409
650882
388955
372228
1175168
343759
2097854
2998498
778479
1549098
2653797
617505
1776352
9020750
659212
769382
1842120
10271274
740854
611997
986977
336872
1078851
1808784
1188770
639997
927966
400413
2029938
719123
426969
1251402
685653
1090128
4290878
3232536
1452311
462810
